1.574
1.574
1.578
1.57
1.57
1.574
1.574
1.574
1.574
1.574
1.574
1.574
1.574
1.574
1.574
1.57
1.57
1.57
1.57
1.57
1.57
1.57
1.57
1.549
1.549
1.549
1.545
1.526
1.526
1.57
1.545
1.532
1.489
1.47
1.497
1.516
1.501
1.474
1.445
1.412
1.405
1.405
1.364
1.358
1.358
1.339
1.331
1.316
1.293
1.291
1.245
1.225
1.202
1.183
1.15
1.158
1.129
1.087
1.062
1.029
0.9917
0.9293
0.8815
0.842
0.7983
0.7568
0.7464
0.7173
0.6466
0.6383
0.5696
0.526
0.474
0.4449
0.4158
0.3888
0.3825
0.3514
0.3347
0.316
0.3077
0.2827
0.2453
0.1975
0.1435
0.05821
0.05821
0.006237
-0.079
-0.09356
-0.09356
-0.1268
-0.1809
-0.1809
-0.2141
-0.2723
-0.2869
-0.2994
-0.3202
-0.3389
-0.3659
-0.3617
-0.3721
-0.3825
-0.395
-0.4283
-0.4304
-0.4615
-0.4719
-0.4969
-0.526
-0.5343
-0.5572
-0.605
-0.6258
-0.6154
-0.6258
-0.6258