0.02287
0.02287
0.03742
0.02703
0.03326
0.03742
0.03742
0.03742
0.03742
0.03742
0.03742
0.03742
0.03742
0.03742
0.03742
0.03326
0.02911
0.02911
0.02911
0.02911
0.02911
0.02911
0.02911
0.04782
0.04782
0.06237
0.06653
0.0894
0.1081
0.07069
0.1081
0.1289
0.1435
0.1622
0.158
0.1663
0.1663
0.1954
0.2183
0.2287
0.2432
0.262
0.2723
0.2848
0.2911
0.3181
0.3202
0.3285
0.343
0.3493
0.4054
0.4491
0.4761
0.4906
0.5052
0.5239
0.5489
0.5634
0.5863
0.6071
0.6362
0.6445
0.6694
0.6819
0.6965
0.7152
0.7069
0.7069
0.7027
0.684
0.711
0.6923
0.684
0.6881
0.6694
0.6694
0.6736
0.6778
0.6965
0.6965
0.711
0.7173
0.7256
0.7505
0.7692
0.7796
0.7796
0.7921
0.7796
0.7734
0.7692
0.763
0.7443
0.7484
0.7484
0.736
0.736
0.7152
0.711
0.6881
0.6736
0.6528
0.6341
0.6154
0.6195
0.6071
0.5925
0.5821
0.5489
0.5343
0.5052
0.4636
0.4158
0.4096
0.395
0.4054
0.395
0.395